50
-622947232.000000 -320.000000 -470.000000 0.000000 0.000000 
1724025264.000000 350.000000 -710.000000 0.000000 0.000000 
1850670560.000000 660.000000 510.000000 0.000000 0.000000 
2105370496.000000 -60.000000 -110.000000 0.000000 0.000000 
946195504.000000 -650.000000 230.000000 0.000000 0.000000 
38808928.000000 -150.000000 -190.000000 0.000000 0.000000 
1382798496.000000 520.000000 620.000000 0.000000 0.000000 
-1160672192.000000 690.000000 180.000000 0.000000 0.000000 
378901888.000000 120.000000 -60.000000 0.000000 0.000000 
-711183184.000000 280.000000 620.000000 0.000000 0.000000 
-54125584.000000 310.000000 430.000000 0.000000 0.000000 
-1438022112.000000 640.000000 310.000000 0.000000 0.000000 
1161682592.000000 290.000000 220.000000 0.000000 0.000000 
-1942549712.000000 -650.000000 -350.000000 0.000000 0.000000 
2104072080.000000 50.000000 50.000000 0.000000 0.000000 
1235817968.000000 560.000000 730.000000 0.000000 0.000000 
-1701746048.000000 -30.000000 320.000000 0.000000 0.000000 
-166120368.000000 -160.000000 -600.000000 0.000000 0.000000 
1729184768.000000 -50.000000 60.000000 0.000000 0.000000 
-787399840.000000 600.000000 270.000000 0.000000 0.000000 
-484929040.000000 -130.000000 -260.000000 0.000000 0.000000 
-1521280720.000000 -500.000000 210.000000 0.000000 0.000000 
-572701520.000000 -690.000000 360.000000 0.000000 0.000000 
1119673680.000000 660.000000 300.000000 0.000000 0.000000 
-1418415328.000000 -590.000000 500.000000 0.000000 0.000000 
1269779712.000000 720.000000 230.000000 0.000000 0.000000 
2076470832.000000 -150.000000 140.000000 0.000000 0.000000 
1995910112.000000 -550.000000 -690.000000 0.000000 0.000000 
-166859152.000000 160.000000 -700.000000 0.000000 0.000000 
1879868048.000000 -60.000000 290.000000 0.000000 0.000000 
921843264.000000 230.000000 680.000000 0.000000 0.000000 
502462096.000000 200.000000 -300.000000 0.000000 0.000000 
-199627344.000000 60.000000 630.000000 0.000000 0.000000 
-942902064.000000 510.000000 -330.000000 0.000000 0.000000 
-1467287248.000000 -680.000000 -390.000000 0.000000 0.000000 
-755273696.000000 230.000000 500.000000 0.000000 0.000000 
1523070432.000000 110.000000 620.000000 0.000000 0.000000 
-579329408.000000 -220.000000 90.000000 0.000000 0.000000 
725651120.000000 640.000000 -290.000000 0.000000 0.000000 
1514020880.000000 -400.000000 -520.000000 0.000000 0.000000 
267819808.000000 180.000000 370.000000 0.000000 0.000000 
-1743460672.000000 40.000000 300.000000 0.000000 0.000000 
1986890096.000000 -740.000000 -550.000000 0.000000 0.000000 
-1037129760.000000 -660.000000 -710.000000 0.000000 0.000000 
-763705408.000000 -300.000000 560.000000 0.000000 0.000000 
-1839181296.000000 180.000000 330.000000 0.000000 0.000000 
1262753776.000000 -450.000000 100.000000 0.000000 0.000000 
-1646104176.000000 350.000000 -470.000000 0.000000 0.000000 
-1732838016.000000 -90.000000 -190.000000 0.000000 0.000000 
2028060224.000000 -140.000000 470.000000 0.000000 0.000000 
