50
1187461024.000000 -540.000000 -680.000000 0.000000 0.000000 
1417882624.000000 -210.000000 -230.000000 0.000000 0.000000 
-1202807168.000000 -70.000000 610.000000 0.000000 0.000000 
-1594078960.000000 670.000000 -440.000000 0.000000 0.000000 
-1801891840.000000 -540.000000 -680.000000 0.000000 0.000000 
-706108304.000000 -310.000000 -570.000000 0.000000 0.000000 
584090544.000000 -750.000000 -60.000000 0.000000 0.000000 
-925693824.000000 510.000000 -40.000000 0.000000 0.000000 
117917728.000000 -230.000000 -230.000000 0.000000 0.000000 
271544496.000000 630.000000 -480.000000 0.000000 0.000000 
-2022254320.000000 390.000000 350.000000 0.000000 0.000000 
-620232688.000000 100.000000 -470.000000 0.000000 0.000000 
571184496.000000 -90.000000 -380.000000 0.000000 0.000000 
-370557008.000000 -410.000000 120.000000 0.000000 0.000000 
-1936037536.000000 280.000000 600.000000 0.000000 0.000000 
-444757760.000000 190.000000 150.000000 0.000000 0.000000 
1365253328.000000 430.000000 -210.000000 0.000000 0.000000 
1570619984.000000 640.000000 80.000000 0.000000 0.000000 
1718270384.000000 160.000000 480.000000 0.000000 0.000000 
-1176480400.000000 540.000000 -700.000000 0.000000 0.000000 
416820672.000000 490.000000 300.000000 0.000000 0.000000 
1054801024.000000 -210.000000 250.000000 0.000000 0.000000 
-1880098288.000000 680.000000 240.000000 0.000000 0.000000 
-1115411072.000000 -400.000000 430.000000 0.000000 0.000000 
-1761104384.000000 190.000000 70.000000 0.000000 0.000000 
1101355104.000000 -600.000000 -750.000000 0.000000 0.000000 
-14540512.000000 470.000000 -130.000000 0.000000 0.000000 
1099404880.000000 -180.000000 440.000000 0.000000 0.000000 
117763040.000000 160.000000 90.000000 0.000000 0.000000 
-622905056.000000 -130.000000 280.000000 0.000000 0.000000 
1448824800.000000 130.000000 660.000000 0.000000 0.000000 
-1530004256.000000 20.000000 260.000000 0.000000 0.000000 
-777532160.000000 -730.000000 360.000000 0.000000 0.000000 
258446512.000000 -620.000000 -510.000000 0.000000 0.000000 
-2020289568.000000 200.000000 -40.000000 0.000000 0.000000 
681087776.000000 -410.000000 190.000000 0.000000 0.000000 
138088960.000000 -190.000000 -400.000000 0.000000 0.000000 
1809993344.000000 710.000000 740.000000 0.000000 0.000000 
-822925792.000000 -480.000000 -200.000000 0.000000 0.000000 
2145405488.000000 -380.000000 320.000000 0.000000 0.000000 
-926675776.000000 -80.000000 170.000000 0.000000 0.000000 
444618096.000000 710.000000 -600.000000 0.000000 0.000000 
-87382368.000000 -480.000000 -240.000000 0.000000 0.000000 
-932994448.000000 -290.000000 100.000000 0.000000 0.000000 
1688430784.000000 -530.000000 -20.000000 0.000000 0.000000 
2261680.000000 -690.000000 -360.000000 0.000000 0.000000 
-1182021248.000000 -50.000000 -550.000000 0.000000 0.000000 
-1462743968.000000 -750.000000 -300.000000 0.000000 0.000000 
497839664.000000 360.000000 330.000000 0.000000 0.000000 
789946800.000000 -630.000000 -720.000000 0.000000 0.000000 
